"time [s]" "point -0.04 temperature [K]" "point -0.1 temperature [K]" "point -0.2 temperature [K]" "point -0.4 temperature [K]" "point -0.8 temperature [K]" "point -1.2 temperature [K]" "point -1.6 temperature [K]" "point -0.04 saturation liquid" "point -0.1 saturation liquid" "point -0.2 saturation liquid" "point -0.4 saturation liquid" "point -0.8 saturation liquid" "point -1.2 saturation liquid" "point -1.6 saturation liquid"
0.000000000000e+00 2.646617136679e+02 2.646616949522e+02 2.646616581727e+02 2.646616093150e+02 2.646614192544e+02 2.646611210364e+02 2.646607325077e+02 2.243259786705e-01 2.243259786663e-01 2.243259786579e-01 1.594988146181e-01 1.594988143658e-01 1.594988139646e-01 1.594988134268e-01
8.640000000000e+04 2.639167521744e+02 2.642876033933e+02 2.645175744779e+02 2.645970839295e+02 2.646512368086e+02 2.646597858512e+02 2.646604549734e+02 2.243258235818e-01 2.243258974426e-01 2.243259465190e-01 1.594987296591e-01 1.594988008676e-01 1.594988121965e-01 1.594988130593e-01
1.728000000000e+05 2.632213863828e+02 2.638337765481e+02 2.642781630663e+02 2.644525023514e+02 2.646081725392e+02 2.646491540000e+02 2.646574040381e+02 2.243257003285e-01 2.243258078816e-01 2.243258954838e-01 1.594985440567e-01 1.594987441541e-01 1.594987981095e-01 1.594988090207e-01
2.592000000000e+05 2.626051174231e+02 2.633922212198e+02 2.640150930352e+02 2.642752853857e+02 2.645405534745e+02 2.646273561133e+02 2.646497649041e+02 2.243256050194e-01 2.243257289387e-01 2.243258425684e-01 1.594983250742e-01 1.594986562946e-01 1.594987693373e-01 1.594987989181e-01
3.456000000000e+05 2.620743343066e+02 2.629885352406e+02 2.637518176719e+02 2.640838380839e+02 2.644538716590e+02 2.645937289638e+02 2.646361196110e+02 2.243255316480e-01 2.243256629217e-01 2.243257926531e-01 1.594980983868e-01 1.594985457322e-01 1.594987252459e-01 1.594987808865e-01
4.320000000000e+05 2.615373537617e+02 2.625852629219e+02 2.634818651750e+02 2.638808971011e+02 2.643519769274e+02 2.645486803291e+02 2.646156856794e+02 2.243254644205e-01 2.243256021385e-01 2.243257443670e-01 1.594978685839e-01 1.594984186361e-01 1.594986667331e-01 1.594987539948e-01
5.184000000000e+05 2.610601010014e+02 2.622092956008e+02 2.632167540127e+02 2.636738550657e+02 2.642386146343e+02 2.644932207407e+02 2.645882005949e+02 2.243254098138e-01 2.243255496110e-01 2.243256995668e-01 1.594976445275e-01 1.594982807475e-01 1.594985955559e-01 1.594987180312e-01
6.048000000000e+05 2.605782488387e+02 2.618349228033e+02 2.629500126258e+02 2.634621889661e+02 2.641159866745e+02 2.644284481490e+02 2.645537394254e+02 2.243253589979e-01 2.243255008651e-01 2.243256569022e-01 1.594974256156e-01 1.594981355899e-01 1.594985136019e-01 1.594986732729e-01
6.912000000000e+05 2.600793109455e+02 2.614505448483e+02 2.626760797565e+02 2.632435376100e+02 2.639848985488e+02 2.643552176267e+02 2.645125207341e+02 2.243253104337e-01 2.243254541473e-01 2.243256154077e-01 1.594972095559e-01 1.594979848278e-01 1.594984224380e-01 1.594986202192e-01
7.776000000000e+05 2.595441663114e+02 2.610429143918e+02 2.623881529107e+02 2.630141079241e+02 2.638450169085e+02 2.642739854756e+02 2.644647522412e+02 2.243252624107e-01 2.243254079298e-01 2.243255741297e-01 1.594969931352e-01 1.594978287625e-01 1.594983231185e-01 1.594985593814e-01
8.640000000000e+05 2.584537689781e+02 2.603439953624e+02 2.619728871371e+02 2.627164054307e+02 2.636835244455e+02 2.641824145424e+02 2.644099207629e+02 2.243251756714e-01 2.243253357124e-01 2.243255184388e-01 1.594967270615e-01 1.594976545060e-01 1.594982133714e-01 1.594984903892e-01
9.504000000000e+05 2.572872025376e+02 2.595308057779e+02 2.614701194589e+02 2.623530549665e+02 2.634921820657e+02 2.640769348908e+02 2.643467221707e+02 2.243250964307e-01 2.243252612614e-01 2.243254564501e-01 1.594964227616e-01 1.594974558184e-01 1.594980897715e-01 1.594984119629e-01
1.036800000000e+06 2.565720434890e+02 2.589092712529e+02 2.610121289345e+02 2.619883835989e+02 2.632801328165e+02 2.639568284676e+02 2.642741012099e+02 2.243250535217e-01 2.243252102443e-01 2.243254045688e-01 1.594961376068e-01 1.594972448575e-01 1.594979525751e-01 1.594983232586e-01
1.123200000000e+06 2.560594014722e+02 2.584288453205e+02 2.606155527400e+02 2.616487025430e+02 2.630596699903e+02 2.638243486477e+02 2.641919690074e+02 2.243250250381e-01 2.243251738432e-01 2.243253627886e-01 1.594958885176e-01 1.594970351366e-01 1.594978054497e-01 1.594982247148e-01
1.209600000000e+06 2.558330468082e+02 2.581286562777e+02 2.603078586958e+02 2.613574110899e+02 2.628436005242e+02 2.636838402934e+02 2.641013930977e+02 2.243250130143e-01 2.243251523138e-01 2.243253321980e-01 1.594956864646e-01 1.594968384698e-01 1.594976540248e-01 1.594981181680e-01
1.296000000000e+06 2.559426112553e+02 2.580477195273e+02 2.601174180880e+02 2.611375591521e+02 2.626451636746e+02 2.635411017260e+02 2.640045362809e+02 2.243250187936e-01 2.243251466598e-01 2.243253140081e-01 1.594955404167e-01 1.594966650886e-01 1.594975048487e-01 1.594980066285e-01
1.382400000000e+06 2.559436680554e+02 2.579723235224e+02 2.599677831745e+02 2.609599240214e+02 2.624666184200e+02 2.634006967679e+02 2.639039321293e+02 2.243250188497e-01 2.243251414487e-01 2.243253000947e-01 1.594954263260e-01 1.594965146823e-01 1.594973624840e-01 1.594978933121e-01
1.468800000000e+06 2.562267702611e+02 2.580525439350e+02 2.599028002485e+02 2.608398144879e+02 2.623125684750e+02 2.632666102549e+02 2.638021865795e+02 2.243250341420e-01 2.243251469950e-01 2.243252941530e-01 1.594953509482e-01 1.594963889406e-01 1.594972304005e-01 1.594977812554e-01
1.555200000000e+06 2.562601061010e+02 2.580503439193e+02 2.598348563263e+02 2.607382545966e+02 2.621780430156e+02 2.631406372149e+02 2.637014088747e+02 2.243250359775e-01 2.243251468421e-01 2.243252880044e-01 1.594952884249e-01 1.594962820747e-01 1.594971096177e-01 1.594976727055e-01
1.641600000000e+06 2.561453761657e+02 2.579606828587e+02 2.597380581009e+02 2.606316684172e+02 2.620545650131e+02 2.630222125345e+02 2.636027940746e+02 2.243250296916e-01 2.243251406488e-01 2.243252793551e-01 1.594952240358e-01 1.594961863319e-01 1.594969988842e-01 1.594975687617e-01
1.728000000000e+06 2.560678109945e+02 2.578716107177e+02 2.596377213064e+02 2.605247193316e+02 2.619379694679e+02 2.629100360860e+02 2.635067843165e+02 2.243250254912e-01 2.243251345703e-01 2.243252705242e-01 1.594951605757e-01 1.594960979219e-01 1.594968964173e-01 1.594974696594e-01
1.814400000000e+06 2.559300802789e+02 2.577521355569e+02 2.595252784666e+02 2.604132040790e+02 2.618250903989e+02 2.628026531770e+02 2.634133334012e+02 2.243250181288e-01 2.243251265307e-01 2.243252607866e-01 1.594950956057e-01 1.594960141217e-01 1.594968004653e-01 1.594973751245e-01
1.900800000000e+06 2.557866005640e+02 2.576227892315e+02 2.594063979452e+02 2.602982178768e+02 2.617141770227e+02 2.626987928253e+02 2.633221454787e+02 2.243250105871e-01 2.243251179703e-01 2.243252506697e-01 1.594950298422e-01 1.594959334448e-01 1.594967095863e-01 1.594972846573e-01
1.987200000000e+06 2.560304701672e+02 2.576889667138e+02 2.593672042355e+02 2.602225637511e+02 2.616135466464e+02 2.625993511012e+02 2.632333262774e+02 2.243250234830e-01 2.243251223316e-01 2.243252473736e-01 1.594949871058e-01 1.594958616019e-01 1.594966242947e-01 1.594971981816e-01
2.073600000000e+06 2.563158760602e+02 2.578253801780e+02 2.593808147071e+02 2.601853234246e+02 2.615287460058e+02 2.625063177631e+02 2.631475280677e+02 2.243250390649e-01 2.243251314441e-01 2.243252485160e-01 1.594949661436e-01 1.594958020189e-01 1.594965459808e-01 1.594971161439e-01
2.160000000000e+06 2.569018036719e+02 2.581391889667e+02 2.594883907956e+02 2.602083173073e+02 2.614678705110e+02 2.624228111157e+02 2.630660244218e+02 2.243250728236e-01 2.243251530542e-01 2.243252576280e-01 1.594949786973e-01 1.594957597379e-01 1.594964768740e-01 1.594970395395e-01
2.246400000000e+06 2.578728846422e+02 2.587005934048e+02 2.597321234082e+02 2.603198422908e+02 2.614425759884e+02 2.623534794478e+02 2.629908700083e+02 2.243251346567e-01 2.243251941271e-01 2.243252788290e-01 1.594950411669e-01 1.594957421921e-01 1.594964203317e-01 1.594969700207e-01
2.332800000000e+06 2.584451024057e+02 2.591296476512e+02 2.599697081651e+02 2.604587343515e+02 2.614471987647e+02 2.623005574841e+02 2.629239927637e+02 2.243251750350e-01 2.243252278010e-01 2.243253002716e-01 1.594951207393e-01 1.594957452052e-01 1.594963776714e-01 1.594969090403e-01
2.419200000000e+06 2.588952299458e+02 2.594769493422e+02 2.601844066009e+02 2.606004449657e+02 2.614721023163e+02 2.622634467836e+02 2.628664766620e+02 2.243252091446e-01 2.243252566519e-01 2.243253203439e-01 1.594952038833e-01 1.594957622006e-01 1.594963480105e-01 1.594968572468e-01
2.505600000000e+06 2.593030826513e+02 2.597875886929e+02 2.603846167487e+02 2.607405748883e+02 2.615104478442e+02 2.622402093925e+02 2.628185248706e+02 2.243252420225e-01 2.243252837647e-01 2.243253396873e-01 1.594952880657e-01 1.594957886153e-01 1.594963295435e-01 1.594968145185e-01
2.592000000000e+06 2.595935251456e+02 2.600311163145e+02 2.605567186832e+02 2.608695347026e+02 2.615561148169e+02 2.622282844840e+02 2.627796466122e+02 2.243252666770e-01 2.243253059437e-01 2.243253568206e-01 1.594953673157e-01 1.594958203545e-01 1.594963200979e-01 1.594967801732e-01
2.678400000000e+06 2.595378630246e+02 2.600819644639e+02 2.606431030957e+02 2.609548137794e+02 2.615980470169e+02 2.622236981269e+02 2.627485598049e+02 2.243252618682e-01 2.243253106819e-01 2.243253656031e-01 1.594954207095e-01 1.594958497503e-01 1.594963164708e-01 1.594967529005e-01
2.764800000000e+06 2.595827837095e+02 2.601354833244e+02 2.607061738878e+02 2.610168979392e+02 2.616333119773e+02 2.622230314858e+02 2.627236137384e+02 2.243252657458e-01 2.243253157101e-01 2.243253720946e-01 1.594954600708e-01 1.594958746542e-01 1.594963159438e-01 1.594967311359e-01
2.851200000000e+06 2.593839859100e+02 2.600594598240e+02 2.607050751344e+02 2.610396072094e+02 2.616567252681e+02 2.622229505518e+02 2.627029501005e+02 2.243252487825e-01 2.243253085802e-01 2.243253719809e-01 1.594954746062e-01 1.594958912834e-01 1.594963158799e-01 1.594967131883e-01
2.937600000000e+06 2.596651836063e+02 2.601936653359e+02 2.607697920391e+02 2.610826347153e+02 2.616776327530e+02 2.622230256415e+02 2.626853122092e+02 2.243252729278e-01 2.243253212249e-01 2.243253787112e-01 1.594955022113e-01 1.594959061879e-01 1.594963159392e-01 1.594966979264e-01
3.024000000000e+06 2.629017407649e+02 2.618873602458e+02 2.614966725818e+02 2.614599849794e+02 2.617715550032e+02 2.622385574238e+02 2.626739055435e+02 2.243256494248e-01 2.243255074924e-01 2.243254595866e-01 1.594957532125e-01 1.594959738033e-01 1.594963282337e-01 1.594966880844e-01
3.110400000000e+06 2.646829296619e+02 2.632304016338e+02 2.622741241757e+02 2.619620095139e+02 2.619436609638e+02 2.622825505980e+02 2.626742705474e+02 2.243259834978e-01 2.243257018130e-01 2.243255584024e-01 1.594961147244e-01 1.594961008291e-01 1.594963632533e-01 1.594966883990e-01
3.196800000000e+06 2.647447234490e+02 2.636540182474e+02 2.627221530064e+02 2.623506868581e+02 2.621410582168e+02 2.623527301979e+02 2.626893125142e+02 2.243259977001e-01 2.243257748343e-01 2.243256222302e-01 1.594964184304e-01 1.594962516497e-01 1.594964197247e-01 1.594967013832e-01
3.283200000000e+06 2.644576411997e+02 2.636884377262e+02 2.629348429496e+02 2.626009366281e+02 2.623231246805e+02 2.624379336224e+02 2.627178333061e+02 2.243259334723e-01 2.243257810623e-01 2.243256545445e-01 1.594966260136e-01 1.594963958131e-01 1.594964893067e-01 1.594967261079e-01
3.369600000000e+06 2.641148246978e+02 2.635841375001e+02 2.630171435512e+02 2.627480710882e+02 2.624735245645e+02 2.625267153251e+02 2.627560472002e+02 2.243258622568e-01 2.243257623312e-01 2.243256674225e-01 1.594967527535e-01 1.594965187212e-01 1.594965630306e-01 1.594967594539e-01
3.456000000000e+06 2.633888221458e+02 2.632313042578e+02 2.629454243069e+02 2.627850597477e+02 2.625812140577e+02 2.626091941305e+02 2.627990634567e+02 2.243257283594e-01 2.243257019618e-01 2.243256561883e-01 1.594967850587e-01 1.594966089266e-01 1.594966326634e-01 1.594967972930e-01
3.542400000000e+06 2.625217493953e+02 2.627299272639e+02 2.627540642730e+02 2.627249147447e+02 2.626412770416e+02 2.626777176779e+02 2.628418957090e+02 2.243255929969e-01 2.243256233875e-01 2.243256269919e-01 1.594967322784e-01 1.594966600550e-01 1.594966913711e-01 1.594968352925e-01
3.628800000000e+06 2.616848358757e+02 2.621902802754e+02 2.624964425295e+02 2.625962289998e+02 2.626562396074e+02 2.627275818230e+02 2.628802269932e+02 2.243254822404e-01 2.243255470526e-01 2.243255893856e-01 1.594966216653e-01 1.594966728866e-01 1.594967345907e-01 1.594968695748e-01
3.715200000000e+06 2.611917151395e+02 2.618015299124e+02 2.622667196428e+02 2.624535690941e+02 2.626392188056e+02 2.627582409626e+02 2.629111925968e+02 2.243254244258e-01 2.243254966775e-01 2.243255573928e-01 1.594965023044e-01 1.594966583081e-01 1.594967613759e-01 1.594968974620e-01
3.801600000000e+06 2.618013281897e+02 2.620029008676e+02 2.622773484336e+02 2.624194066185e+02 2.626253250835e+02 2.627765588124e+02 2.629347273093e+02 2.243254966523e-01 2.243255223211e-01 2.243255588424e-01 1.594964741607e-01 1.594966464455e-01 1.594967774567e-01 1.594969187731e-01
3.888000000000e+06 2.626620511440e+02 2.624764896821e+02 2.624649834554e+02 2.625008275075e+02 2.626392043867e+02 2.627926983484e+02 2.629533902820e+02 2.243256133425e-01 2.243255865508e-01 2.243255849209e-01 1.594965414169e-01 1.594966583058e-01 1.594967916737e-01 1.594969357445e-01
3.974400000000e+06 2.633903330556e+02 2.629644800570e+02 2.627189952010e+02 2.626508299594e+02 2.626855540588e+02 2.628146623421e+02 2.629707977327e+02 2.243257286169e-01 2.243256591574e-01 2.243256217606e-01 1.594966682467e-01 1.594966981476e-01 1.594968110945e-01 1.594969516318e-01
4.060800000000e+06 2.643699625795e+02 2.636004862574e+02 2.630671678877e+02 2.628727938598e+02 2.627676571682e+02 2.628483131700e+02 2.629906356364e+02 2.243259147151e-01 2.243257652395e-01 2.243256753555e-01 1.594968630113e-01 1.594967696352e-01 1.594968410139e-01 1.594969698055e-01
4.147200000000e+06 2.654079351460e+02 2.643137053261e+02 2.634856680177e+02 2.631561896215e+02 2.628860913470e+02 2.628976858171e+02 2.630161883504e+02 2.243261647968e-01 2.243259028810e-01 2.243257450280e-01 1.594971247481e-01 1.594968748540e-01 1.594968852767e-01 1.594969933222e-01
4.233600000000e+06 2.663455443379e+02 2.650055120469e+02 2.639234627235e+02 2.634693018647e+02 2.630295649160e+02 2.629601063952e+02 2.630474490209e+02 2.243264582133e-01 2.243260600758e-01 2.243258248642e-01 1.594974324024e-01 1.594970057431e-01 1.594969418675e-01 1.594970222582e-01
4.320000000000e+06 2.669179916297e+02 2.655250689550e+02 2.643156156694e+02 2.637813414239e+02 2.631968989348e+02 2.630399787073e+02 2.630879948111e+02 2.243266819963e-01 2.243261974102e-01 2.243259032803e-01 1.594977600629e-01 1.594971633315e-01 1.594970153267e-01 1.594970600638e-01
4.406400000000e+06 2.665325930901e+02 2.655254907718e+02 2.644922602148e+02 2.639938667754e+02 2.633606261834e+02 2.631327952738e+02 2.631385732514e+02 2.243265269687e-01 2.243261975296e-01 2.243259409858e-01 1.594979960016e-01 1.594973228766e-01 1.594971022019e-01 1.594971076647e-01
4.492800000000e+06 2.658198620563e+02 2.652180480295e+02 2.644811417239e+02 2.640885909439e+02 2.634981335499e+02 2.632288428217e+02 2.631956920576e+02 2.243262842247e-01 2.243261140248e-01 2.243259385660e-01 1.594981043767e-01 1.594974611246e-01 1.594971938586e-01 1.594971620182e-01
4.579200000000e+06 2.651097241703e+02 2.648025429661e+02 2.643418588536e+02 2.640698239697e+02 2.635864480534e+02 2.633168431474e+02 2.632563543287e+02 2.243260861628e-01 2.243260111845e-01 2.243259087839e-01 1.594980821319e-01 1.594975519981e-01 1.594972794499e-01 1.594972204491e-01
4.665600000000e+06 2.642568511912e+02 2.642761642577e+02 2.641032552969e+02 2.639602060248e+02 2.636188083774e+02 2.633837945402e+02 2.633129390315e+02 2.243258910774e-01 2.243258950696e-01 2.243258599500e-01 1.594979565852e-01 1.594975856556e-01 1.594973456292e-01 1.594972756193e-01
4.752000000000e+06 2.628876502478e+02 2.634475300144e+02 2.637016992811e+02 2.637412053724e+02 2.635987680494e+02 2.634278898482e+02 2.633612882414e+02 2.243256472557e-01 2.243257384231e-01 2.243257834744e-01 1.594977152869e-01 1.594975646294e-01 1.594973897271e-01 1.594973232788e-01
4.838400000000e+06 2.614298633587e+02 2.624856342652e+02 2.631839577777e+02 2.634247419044e+02 2.635225059228e+02 2.634446026605e+02 2.633976217235e+02 2.243254517228e-01 2.243255878487e-01 2.243256941947e-01 1.594973867348e-01 1.594974857517e-01 1.594974065484e-01 1.594973594132e-01
4.924800000000e+06 2.599699853714e+02 2.614711449994e+02 2.625928435032e+02 2.630339130061e+02 2.633923837434e+02 2.634310709165e+02 2.634187244827e+02 2.243253002971e-01 2.243254565710e-01 2.243256032371e-01 1.594970103641e-01 1.594973542147e-01 1.594973929243e-01 1.594973805275e-01
5.011200000000e+06 2.586943461380e+02 2.605202327062e+02 2.619892143353e+02 2.626052913006e+02 2.632176870268e+02 2.633870943541e+02 2.634224077924e+02 2.243251936520e-01 2.243253531482e-01 2.243255205481e-01 1.594966306028e-01 1.594971832718e-01 1.594973489151e-01 1.594973842224e-01
5.097600000000e+06 2.581456090450e+02 2.599437213510e+02 2.615220394108e+02 2.622243923624e+02 2.630229779317e+02 2.633174986010e+02 2.634084233992e+02 2.243251535060e-01 2.243252978876e-01 2.243254625967e-01 1.594963186180e-01 1.594969999183e-01 1.594972800933e-01 1.594973702090e-01
5.184000000000e+06 2.580280363564e+02 2.596729723157e+02 2.612108576326e+02 2.619279791625e+02 2.628325010600e+02 2.632307670437e+02 2.633787127913e+02 2.243251452942e-01 2.243252736113e-01 2.243254265786e-01 1.594960906646e-01 1.594968274102e-01 1.594971957135e-01 1.594973405734e-01
5.270400000000e+06 2.579706542155e+02 2.595138250960e+02 2.609913244572e+02 2.616991489574e+02 2.626579002003e+02 2.631352429331e+02 2.633365630726e+02 2.243251413339e-01 2.243252598040e-01 2.243254023073e-01 1.594959228670e-01 1.594966748954e-01 1.594971045153e-01 1.594972988461e-01
5.356800000000e+06 2.579807923294e+02 2.594273322291e+02 2.608352878885e+02 2.615226085390e+02 2.625029740977e+02 2.630373172080e+02 2.632855902138e+02 2.243251420313e-01 2.243252524382e-01 2.243253855966e-01 1.594957979863e-01 1.594965438332e-01 1.594970128597e-01 1.594972488730e-01
5.443200000000e+06 2.580031167533e+02 2.593740433920e+02 2.607189100743e+02 2.613835009653e+02 2.623671976348e+02 2.629411338099e+02 2.632290486972e+02 2.243251435705e-01 2.243252479474e-01 2.243253734136e-01 1.594957022670e-01 1.594964321245e-01 1.594969245917e-01 1.594971940570e-01
5.529600000000e+06 2.580759245727e+02 2.593623048335e+02 2.606382573852e+02 2.612760101257e+02 2.622494280247e+02 2.628492386161e+02 2.631695898170e+02 2.243251486230e-01 2.243252469629e-01 2.243253651072e-01 1.594956298499e-01 1.594963375241e-01 1.594968418395e-01 1.594971371004e-01
5.616000000000e+06 2.580505109388e+02 2.593165313424e+02 2.605597255953e+02 2.611816353411e+02 2.621453897526e+02 2.627625484589e+02 2.631091111271e+02 2.243251468537e-01 2.243252431406e-01 2.243253571242e-01 1.594955673919e-01 1.594962556737e-01 1.594967651521e-01 1.594970798772e-01
5.702400000000e+06 2.581046805120e+02 2.593080337497e+02 2.605025269286e+02 2.611044001795e+02 2.620534598577e+02 2.626813925936e+02 2.630489158954e+02 2.243251506324e-01 2.243252424339e-01 2.243253513739e-01 1.594955170079e-01 1.594961846524e-01 1.594966945419e-01 1.594970236205e-01
5.788800000000e+06 2.581234865070e+02 2.592933658820e+02 2.604522741930e+02 2.610376790801e+02 2.619715644830e+02 2.626056928892e+02 2.629898565706e+02 2.243251519508e-01 2.243252412160e-01 2.243253463659e-01 1.594954740162e-01 1.594961223884e-01 1.594966296847e-01 1.594969690904e-01
5.875200000000e+06 2.582415045899e+02 2.593310006881e+02 2.604290917794e+02 2.609894326982e+02 2.619002340113e+02 2.625356000347e+02 2.629325730121e+02 2.243251603025e-01 2.243252443460e-01 2.243253440693e-01 1.594954431969e-01 1.594960689063e-01 1.594965704781e-01 1.594969168181e-01
5.961600000000e+06 2.584864173034e+02 2.594483668031e+02 2.604495040854e+02 2.609699701362e+02 2.618423039194e+02 2.624719259860e+02 2.628777491189e+02 2.243251780759e-01 2.243252542207e-01 2.243253460910e-01 1.594954307577e-01 1.594960259652e-01 1.594965173851e-01 1.594968673508e-01
6.048000000000e+06 2.585483392194e+02 2.594958527420e+02 2.604569649918e+02 2.609543588137e+02 2.617942584016e+02 2.624146580473e+02 2.628258845192e+02 2.243251826668e-01 2.243252582656e-01 2.243253468316e-01 1.594954208268e-01 1.594959906862e-01 1.594964701859e-01 1.594968210500e-01
6.134400000000e+06 2.586251459158e+02 2.595381446156e+02 2.604629697758e+02 2.609414361701e+02 2.617533200931e+02 2.623632006092e+02 2.627771922675e+02 2.243251884172e-01 2.243252618924e-01 2.243253474284e-01 1.594954126294e-01 1.594959608652e-01 1.594964282146e-01 1.594967780138e-01
6.220800000000e+06 2.588207730629e+02 2.596410779533e+02 2.604958199066e+02 2.609442547063e+02 2.617207553607e+02 2.623174161463e+02 2.627318167670e+02 2.243252033502e-01 2.243252708174e-01 2.243253507032e-01 1.594954143318e-01 1.594959372916e-01 1.594963912147e-01 1.594967382809e-01
6.307200000000e+06 2.590770069449e+02 2.597912724199e+02 2.605577257410e+02 2.609674224558e+02 2.616986148645e+02 2.622777319020e+02 2.626900115249e+02 2.243252235559e-01 2.243252840940e-01 2.243253569223e-01 1.594954288636e-01 1.594959213265e-01 1.594963594033e-01 1.594967019875e-01
6.393600000000e+06 2.593490998145e+02 2.599642721266e+02 2.606403815200e+02 2.610084881264e+02 2.616876710390e+02 2.622446862396e+02 2.626521250314e+02 2.243252458576e-01 2.243252997721e-01 2.243253653245e-01 1.594954548279e-01 1.594959134347e-01 1.594963330950e-01 1.594966693525e-01
6.480000000000e+06 2.596258664931e+02 2.601488598829e+02 2.607373973806e+02 2.610638750127e+02 2.616875802639e+02 2.622186148472e+02 2.626185040513e+02 2.243252694897e-01 2.243253169735e-01 2.243253753333e-01 1.594954901710e-01 1.594959133250e-01 1.594963124543e-01 1.594966405936e-01
6.566400000000e+06 2.599225379508e+02 2.603497284813e+02 2.608488044061e+02 2.611326289178e+02 2.616979180099e+02 2.621996727300e+02 2.625894394430e+02 2.243252959514e-01 2.243253362718e-01 2.243253870269e-01 1.594955345352e-01 1.594959206938e-01 1.594962975211e-01 1.594966158838e-01
6.652800000000e+06 2.602145349707e+02 2.605550333939e+02 2.609693795498e+02 2.612117964696e+02 2.617178234513e+02 2.621878095999e+02 2.625651308027e+02 2.243253232154e-01 2.243253566505e-01 2.243253999306e-01 1.594955862902e-01 1.594959349642e-01 1.594962881957e-01 1.594965953242e-01
6.739200000000e+06 2.604466378042e+02 2.607334435433e+02 2.610844450619e+02 2.612931335519e+02 2.617449527666e+02 2.621825282040e+02 2.625456028813e+02 2.243253458067e-01 2.243253749222e-01 2.243254124918e-01 1.594956402216e-01 1.594959545162e-01 1.594962840508e-01 1.594965788782e-01
6.825600000000e+06 2.606321964200e+02 2.608834874083e+02 2.611887152190e+02 2.613714181433e+02 2.617766125202e+02 2.621829255620e+02 2.625306610592e+02 2.243253644874e-01 2.243253907119e-01 2.243254240890e-01 1.594956928645e-01 1.594959774671e-01 1.594962843625e-01 1.594965663365e-01
6.912000000000e+06 2.608172349828e+02 2.610271146175e+02 2.612887415104e+02 2.614479609912e+02 2.618113663585e+02 2.621880768006e+02 2.625199643525e+02 2.243253836912e-01 2.243254062026e-01 2.243254354112e-01 1.594957450423e-01 1.594960028210e-01 1.594962884055e-01 1.594965573802e-01
6.998400000000e+06 2.609866718303e+02 2.611612930694e+02 2.613843383426e+02 2.615226298999e+02 2.618483003526e+02 2.621971756365e+02 2.625131103867e+02 2.243254018027e-01 2.243254210190e-01 2.243254464169e-01 1.594957966279e-01 1.594960299471e-01 1.594962955565e-01 1.594965516511e-01
7.084800000000e+06 2.610630995961e+02 2.612457468740e+02 2.614585690046e+02 2.615867457506e+02 2.618848762733e+02 2.622091642739e+02 2.625095903527e+02 2.243254101430e-01 2.243254305206e-01 2.243254550903e-01 1.594958414767e-01 1.594960569955e-01 1.594963049972e-01 1.594965487117e-01
7.171200000000e+06 2.610754846341e+02 2.612850636959e+02 2.615081759932e+02 2.616359529875e+02 2.619183568424e+02 2.622227231596e+02 2.625087514168e+02 2.243254115048e-01 2.243254349914e-01 2.243254609499e-01 1.594958762511e-01 1.594960819177e-01 1.594963157001e-01 1.594965480115e-01
7.257600000000e+06 2.610970090737e+02 2.613164887405e+02 2.615465704484e+02 2.616751736201e+02 2.619480035922e+02 2.622367560122e+02 2.625099011097e+02 2.243254138783e-01 2.243254385868e-01 2.243254655205e-01 1.594959041893e-01 1.594961041165e-01 1.594963268059e-01 1.594965489712e-01
7.344000000000e+06 2.612111825211e+02 2.613913525635e+02 2.615981915652e+02 2.617175962146e+02 2.619762514687e+02 2.622510053252e+02 2.625125380202e+02 2.243254266152e-01 2.243254472316e-01 2.243254717147e-01 1.594959346234e-01 1.594961253806e-01 1.594963381131e-01 1.594965511730e-01
7.430400000000e+06 2.615248321776e+02 2.615777410022e+02 2.616987132892e+02 2.617848346683e+02 2.620094453596e+02 2.622666327803e+02 2.625166503415e+02 2.243254629289e-01 2.243254692540e-01 2.243254839414e-01 1.594959833282e-01 1.594961505068e-01 1.594963505488e-01 1.594965546091e-01
7.516800000000e+06 2.615173450351e+02 2.616282537770e+02 2.617572824492e+02 2.618384876214e+02 2.620432904199e+02 2.622836574427e+02 2.625222411464e+02 2.243254620386e-01 2.243254753483e-01 2.243254911676e-01 1.594960226310e-01 1.594961762871e-01 1.594963641382e-01 1.594965592850e-01
7.603200000000e+06 2.620895110203e+02 2.619451357953e+02 2.619168698261e+02 2.619394415908e+02 2.620878343105e+02 2.623039796009e+02 2.625297842980e+02 2.243255336455e-01 2.243255148682e-01 2.243255112499e-01 1.594960976180e-01 1.594962104614e-01 1.594963804170e-01 1.594965656017e-01
7.689600000000e+06 2.619220704477e+02 2.619480137260e+02 2.619749876514e+02 2.620039477669e+02 2.621319643517e+02 2.623268341334e+02 2.625393850296e+02 2.243255119142e-01 2.243255152376e-01 2.243255187098e-01 1.594961462775e-01 1.594962446035e-01 1.594963987994e-01 1.594965736547e-01
7.776000000000e+06 2.619695522470e+02 2.619895307308e+02 2.620246844066e+02 2.620554499740e+02 2.621725644745e+02 2.623507730594e+02 2.625507048283e+02 2.243255180088e-01 2.243255205890e-01 2.243255251523e-01 1.594961855454e-01 1.594962762666e-01 1.594964181396e-01 1.594965831690e-01
7.862400000000e+06 2.620828576003e+02 2.620693982638e+02 2.620851752549e+02 2.621081442928e+02 2.622114233203e+02 2.623751414909e+02 2.625633451128e+02 2.243255327691e-01 2.243255309995e-01 2.243255330743e-01 1.594962261098e-01 1.594963067987e-01 1.594964379175e-01 1.594965938178e-01
7.948800000000e+06 2.637690935115e+02 2.629668659381e+02 2.624868132470e+02 2.623306333300e+02 2.622868604523e+02 2.624073722719e+02 2.625789851349e+02 2.243257958404e-01 2.243256595299e-01 2.243255880162e-01 1.594964019104e-01 1.594963667043e-01 1.594964642182e-01 1.594966070299e-01
8.035200000000e+06 2.631029660218e+02 2.628577199074e+02 2.625707021863e+02 2.624452471000e+02 2.623641249082e+02 2.624462876260e+02 2.625984582923e+02 2.243256810822e-01 2.243256426686e-01 2.243256000328e-01 1.594964953788e-01 1.594964289651e-01 1.594964961903e-01 1.594966235364e-01
8.121600000000e+06 2.629292636317e+02 2.627758773937e+02 2.625913957109e+02 2.625031474676e+02 2.624282969406e+02 2.624870952307e+02 2.626209829376e+02 2.243256536792e-01 2.243256302642e-01 2.243256030272e-01 1.594965433640e-01 1.594964813799e-01 1.594965299745e-01 1.594966427076e-01
8.208000000000e+06 2.629562620351e+02 2.627891275378e+02 2.626255592184e+02 2.625502145512e+02 2.624818833844e+02 2.625268148682e+02 2.626452486444e+02 2.243256578755e-01 2.243256322588e-01 2.243256079971e-01 1.594965827765e-01 1.594965256450e-01 1.594965631139e-01 1.594966634552e-01
8.294400000000e+06 2.630311473766e+02 2.628435125351e+02 2.626743278227e+02 2.625991170347e+02 2.625299007208e+02 2.625646728619e+02 2.626702505033e+02 2.243256696351e-01 2.243256405008e-01 2.243256151495e-01 1.594966241156e-01 1.594965656995e-01 1.594965949379e-01 1.594966849353e-01
8.380800000000e+06 2.634811223344e+02 2.630999206305e+02 2.628087511597e+02 2.626898154262e+02 2.625840095435e+02 2.626026782352e+02 2.626959092776e+02 2.243257442379e-01 2.243256805934e-01 2.243256352225e-01 1.594967018645e-01 1.594966112845e-01 1.594966271217e-01 1.594967070896e-01
8.467200000000e+06 2.635420443246e+02 2.632060557687e+02 2.629052353238e+02 2.627733930806e+02 2.626410471647e+02 2.626417656621e+02 2.627224461784e+02 2.243257548900e-01 2.243256978104e-01 2.243256499636e-01 1.594967747368e-01 1.594966598600e-01 1.594966604711e-01 1.594967301198e-01
8.553600000000e+06 2.639465269731e+02 2.634583242059e+02 2.630554370325e+02 2.628829012859e+02 2.627053959185e+02 2.626832824916e+02 2.627503324160e+02 2.243258292864e-01 2.243257402871e-01 2.243256734879e-01 1.594968720875e-01 1.594967153188e-01 1.594966961735e-01 1.594967544511e-01
8.640000000000e+06 2.637773674799e+02 2.634493193721e+02 2.631129835993e+02 2.629543520114e+02 2.627664230828e+02 2.627260349696e+02 2.627795435440e+02 2.243257973711e-01 2.243257387318e-01 2.243256826923e-01 1.594969367275e-01 1.594967685665e-01 1.594967332436e-01 1.594967800825e-01
8.726400000000e+06 2.732292583473e+02 2.684457325462e+02 2.649689812709e+02 2.637564741054e+02 2.629125947719e+02 2.627764558788e+02 2.628103150289e+02 2.470112762064e-01 2.243275542777e-01 2.243260510925e-01 1.594977370391e-01 1.594968988665e-01 1.594967773662e-01 1.594968072438e-01
8.812800000000e+06 2.732302040454e+02 2.700105015183e+02 2.664757537289e+02 2.649173887003e+02 2.633236503525e+02 2.628896491013e+02 2.628556086830e+02 2.493444506188e-01 2.243293593818e-01 2.243265056576e-01 1.594991827969e-01 1.594972872048e-01 1.594968780420e-01 1.594968475269e-01
8.899200000000e+06 2.709738432714e+02 2.693991941070e+02 2.668431089483e+02 2.655228452518e+02 2.637698820172e+02 2.630796780821e+02 2.629354745411e+02 2.243318083845e-01 2.243284703658e-01 2.243266503532e-01 1.595001100107e-01 1.594977484966e-01 1.594970522837e-01 1.594969194514e-01
8.985600000000e+06 2.698863836756e+02 2.684944183695e+02 2.666249706431e+02 2.656332353337e+02 2.640841395648e+02 2.632890598600e+02 2.630437668263e+02 2.243291512340e-01 2.243275917511e-01 2.243265624169e-01 1.595002883231e-01 1.594981007923e-01 1.594972522578e-01 1.594970188403e-01
9.072000000000e+06 2.679311776045e+02 2.673394935359e+02 2.661927144861e+02 2.655057253353e+02 2.642458212610e+02 2.634675696617e+02 2.631629012123e+02 2.243272019715e-01 2.243268757346e-01 2.243264048490e-01 1.595000687308e-01 1.594982914004e-01 1.594974297618e-01 1.594971307368e-01
9.158400000000e+06 2.667314431993e+02 2.664380642005e+02 2.657492019389e+02 2.652924549228e+02 2.643160541651e+02 2.636072606650e+02 2.632757829017e+02 2.243266045725e-01 2.243264917305e-01 2.243262627693e-01 1.594997240087e-01 1.594983759952e-01 1.594975734219e-01 1.594972393188e-01
9.244800000000e+06 2.660650020794e+02 2.658619682978e+02 2.654024091212e+02 2.650840082389e+02 2.643302780364e+02 2.637096535859e+02 2.633757565199e+02 2.243263620653e-01 2.243262972130e-01 2.243261632831e-01 1.594994068688e-01 1.594983928863e-01 1.594976814968e-01 1.594973376347e-01
9.331200000000e+06 2.656379936732e+02 2.654782609994e+02 2.651419619759e+02 2.649063484752e+02 2.643152861113e+02 2.637814085414e+02 2.634604382885e+02 2.243262298400e-01 2.243261842550e-01 2.243260943739e-01 1.594991501272e-01 1.594983741417e-01 1.594977586788e-01 1.594974225418e-01
9.417600000000e+06 2.653222589439e+02 2.651967738650e+02 2.649398012189e+02 2.647585481618e+02 2.642866434422e+02 2.638300301750e+02 2.635301558214e+02 2.243261415758e-01 2.243261084915e-01 2.243260439758e-01 1.594989452421e-01 1.594983389816e-01 1.594978116712e-01 1.594974935967e-01
9.504000000000e+06 2.650742495892e+02 2.649769844875e+02 2.647771811055e+02 2.646347291083e+02 2.642523898306e+02 2.638619020423e+02 2.635865527347e+02 2.243260772051e-01 2.243260530535e-01 2.243260052462e-01 1.594987793045e-01 1.594982973733e-01 1.594978467172e-01 1.594975518536e-01
9.590400000000e+06 2.651961917000e+02 2.649816860339e+02 2.647187360188e+02 2.645674181846e+02 2.642247814434e+02 2.638835296618e+02 2.636321155403e+02 2.243261083405e-01 2.243260542074e-01 2.243259917013e-01 1.594986912288e-01 1.594982641178e-01 1.594978706396e-01 1.594975994367e-01
9.676800000000e+06 2.649692396349e+02 2.648407133915e+02 2.646306332720e+02 2.645008463504e+02 2.642001584862e+02 2.638985785959e+02 2.636691803115e+02 2.243260511558e-01 2.243260201919e-01 2.243259716433e-01 1.594986054614e-01 1.594982346537e-01 1.594978873530e-01 1.594976384912e-01
9.763200000000e+06 2.655547831961e+02 2.651349509205e+02 2.647194527244e+02 2.645233708003e+02 2.641951027228e+02 2.639126350919e+02 2.637005099035e+02 2.243262058477e-01 2.243260925824e-01 2.243259918662e-01 1.594986344386e-01 1.594982286258e-01 1.594979030147e-01 1.594976717479e-01
9.849600000000e+06 2.652429161193e+02 2.650157628402e+02 2.646887048426e+02 2.645128487132e+02 2.641951118480e+02 2.639269033894e+02 2.637280968838e+02 2.243261205317e-01 2.243260626114e-01 2.243259848161e-01 1.594986209083e-01 1.594982286243e-01 1.594979189625e-01 1.594977012198e-01
9.936000000000e+06 2.655377297953e+02 2.651619716967e+02 2.647427302609e+02 2.645378984093e+02 2.642045052884e+02 2.639427127895e+02 2.637534693049e+02 2.243262009971e-01 2.243260995046e-01 2.243259972387e-01 1.594986531590e-01 1.594982398098e-01 1.594979366921e-01 1.594977284826e-01
1.002240000000e+07 2.663105243784e+02 2.656398201543e+02 2.649577014017e+02 2.646537859824e+02 2.642397638254e+02 2.639644938606e+02 2.637787245298e+02 2.243264457691e-01 2.243262303727e-01 2.243260483353e-01 1.594988049260e-01 1.594982820525e-01 1.594979612212e-01 1.594977557699e-01
1.010880000000e+07 2.659454005487e+02 2.655401685234e+02 2.649841310673e+02 2.647044356704e+02 2.642779298825e+02 2.639910739090e+02 2.638049352731e+02 2.243263234089e-01 2.243262016894e-01 2.243260548080e-01 1.594988724217e-01 1.594983281469e-01 1.594979913170e-01 1.594977842497e-01
1.019520000000e+07 2.687881018766e+02 2.672104435687e+02 2.657016130143e+02 2.650839829545e+02 2.643886470477e+02 2.640352220363e+02 2.638360578121e+02 2.243278360120e-01 2.243268134227e-01 2.243262485545e-01 1.594994083604e-01 1.594984643387e-01 1.594980417027e-01 1.594978182802e-01
1.028160000000e+07 2.684322384994e+02 2.673762392653e+02 2.659928565241e+02 2.653492827369e+02 2.645249396377e+02 2.640978252356e+02 2.638749903507e+02 2.243275440316e-01 2.243268939999e-01 2.243263385885e-01 1.594998141224e-01 1.594986369135e-01 1.594981140158e-01 1.594978611805e-01
1.036800000000e+07 2.673299321215e+02 2.668103906269e+02 2.658918449487e+02 2.653989206852e+02 2.646280288501e+02 2.641663743809e+02 2.639203085869e+02 2.243268710207e-01 2.243266367680e-01 2.243263065226e-01 1.594998918074e-01 1.594987710810e-01 1.594981943837e-01 1.594979115852e-01
1.045440000000e+07 2.670018089840e+02 2.665359119780e+02 2.657930364610e+02 2.653880734558e+02 2.646952778263e+02 2.642307124927e+02 2.639684086146e+02 2.243267183528e-01 2.243265282247e-01 2.243262760296e-01 1.594998736600e-01 1.594988603069e-01 1.594982709679e-01 1.594979656425e-01
1.054080000000e+07 2.663825326572e+02 2.661236538611e+02 2.656159640353e+02 2.653138053502e+02 2.647273007791e+02 2.642845040492e+02 2.640154500115e+02 2.243264715003e-01 2.243263815156e-01 2.243262234352e-01 1.594997555582e-01 1.594989031952e-01 1.594983358739e-01 1.594980190753e-01
1.062720000000e+07 2.659811676737e+02 2.658044285781e+02 2.654439355479e+02 2.652178283894e+02 2.647325068131e+02 2.643254091897e+02 2.640585047367e+02 2.243263348305e-01 2.243262795023e-01 2.243261747121e-01 1.594996068130e-01 1.594989100661e-01 1.594983857744e-01 1.594980684773e-01
1.071360000000e+07 2.656884704556e+02 2.655601725582e+02 2.652938520108e+02 2.651208520285e+02 2.647204591708e+02 2.643539609207e+02 2.640959276616e+02 2.243262446616e-01 2.243262073853e-01 2.243261339913e-01 1.594994604350e-01 1.594988936852e-01 1.594984208872e-01 1.594981118089e-01
1.080000000000e+07 2.672533049347e+02 2.664406919150e+02 2.656111910404e+02 2.652520777697e+02 2.647469427046e+02 2.643818523146e+02 2.641297049418e+02 2.243268338082e-01 2.243264926963e-01 2.243262220526e-01 1.594996598013e-01 1.594989295035e-01 1.594984554144e-01 1.594981512360e-01
1.088640000000e+07 2.665413251717e+02 2.661870137979e+02 2.655914627772e+02 2.652809845649e+02 2.647775876482e+02 2.644111458824e+02 2.641616895424e+02 2.243265302760e-01 2.243264029050e-01 2.243262163568e-01 1.594997043217e-01 1.594989712109e-01 1.594984919210e-01 1.594981888510e-01
1.097280000000e+07 2.660182744676e+02 2.658388031955e+02 2.654568662933e+02 2.652295949664e+02 2.647902965643e+02 2.644376133212e+02 2.641918379316e+02 2.243263468042e-01 2.243262900484e-01 2.243261782967e-01 1.594996247498e-01 1.594989885393e-01 1.594985251222e-01 1.594982245590e-01
1.105920000000e+07 2.661266979378e+02 2.658383358310e+02 2.654261287159e+02 2.652052912089e+02 2.647963864721e+02 2.644601470768e+02 2.642197150694e+02 2.243263825342e-01 2.243262899043e-01 2.243261697958e-01 1.594995876006e-01 1.594989968394e-01 1.594985535525e-01 1.594982577970e-01
1.114560000000e+07 2.664628392201e+02 2.660388204433e+02 2.655000920996e+02 2.652377280870e+02 2.648113249565e+02 2.644815493128e+02 2.642457657375e+02 2.243265008673e-01 2.243263534891e-01 2.243261903700e-01 1.594996372866e-01 1.594990173652e-01 1.594985806957e-01 1.594982890504e-01
1.123200000000e+07 2.660194042616e+02 2.658112430333e+02 2.654277250894e+02 2.652135562452e+02 2.648199522088e+02 2.645010513366e+02 2.642701138353e+02 2.243263471707e-01 2.243262815849e-01 2.243261702356e-01 1.594996001549e-01 1.594990292277e-01 1.594986055489e-01 1.594983184313e-01
1.131840000000e+07 2.658088173602e+02 2.656432233439e+02 2.653428271590e+02 2.651679728456e+02 2.648186046547e+02 2.645169652818e+02 2.642923740364e+02 2.243262808432e-01 2.243262313661e-01 2.243261471028e-01 1.594995309405e-01 1.594990273223e-01 1.594986259149e-01 1.594983454378e-01
1.140480000000e+07 2.658015626895e+02 2.656033989892e+02 2.653021719034e+02 2.651364623849e+02 2.648136710121e+02 2.645293770455e+02 2.643123042145e+02 2.243262786277e-01 2.243262197993e-01 2.243261362069e-01 1.594994836240e-01 1.594990204837e-01 1.594986418525e-01 1.594983697359e-01
1.149120000000e+07 2.656458375566e+02 2.654972498505e+02 2.652435125422e+02 2.650984783240e+02 2.648051236144e+02 2.645385315944e+02 2.643298262734e+02 2.243262321298e-01 2.243261895719e-01 2.243261206883e-01 1.594994270861e-01 1.594990086861e-01 1.594986536378e-01 1.594983911913e-01
1.157760000000e+07 2.655469991339e+02 2.654132724331e+02 2.651891117149e+02 2.650602168767e+02 2.647937893414e+02 2.645447434322e+02 2.643449729453e+02 2.243262036308e-01 2.243261662608e-01 2.243261065060e-01 1.594993707033e-01 1.594989930955e-01 1.594986616494e-01 1.594984098086e-01
1.166400000000e+07 2.654761566347e+02 2.653496030438e+02 2.651432213481e+02 2.650254149707e+02 2.647811099864e+02 2.645485124361e+02 2.643578886460e+02 2.243261836674e-01 2.243261489301e-01 2.243260946960e-01 1.594993199042e-01 1.594989757151e-01 1.594986665162e-01 1.594984257358e-01
1.175040000000e+07 2.655730398878e+02 2.653912977980e+02 2.651429979750e+02 2.650138455629e+02 2.647723750952e+02 2.645512609922e+02 2.643690254597e+02 2.243262110654e-01 2.243261602464e-01 2.243260946389e-01 1.594993031415e-01 1.594989637779e-01 1.594986700681e-01 1.594984395079e-01
1.183680000000e+07 2.655070440058e+02 2.653560176133e+02 2.651241448699e+02 2.649996590941e+02 2.647655407949e+02 2.645536479947e+02 2.643788427858e+02 2.243261923248e-01 2.243261506630e-01 2.243260898275e-01 1.594992826252e-01 1.594989544559e-01 1.594986731547e-01 1.594984516780e-01
1.192320000000e+07 2.654809057939e+02 2.653317968357e+02 2.651067364252e+02 2.649860843210e+02 2.647596469500e+02 2.645558527553e+02 2.643876685918e+02 2.243261849939e-01 2.243261441351e-01 2.243260854053e-01 1.594992630613e-01 1.594989464290e-01 1.594986760071e-01 1.594984626429e-01
1.200960000000e+07 2.689452807749e+02 2.673281261194e+02 2.658413269364e+02 2.653025011820e+02 2.648056431159e+02 2.645646324611e+02 2.643970232634e+02 2.243279811284e-01 2.243268701320e-01 2.243262908267e-01 1.594997387885e-01 1.594990094334e-01 1.594986873810e-01 1.594984742897e-01
1.209600000000e+07 2.697574059664e+02 2.684572232371e+02 2.666282731302e+02 2.658308317611e+02 2.649657211574e+02 2.646027127676e+02 2.644132717777e+02 2.243289514618e-01 2.243275630502e-01 2.243265637032e-01 1.595006284205e-01 1.594992344441e-01 1.594987369905e-01 1.594984945802e-01
1.218240000000e+07 2.693446338391e+02 2.684162013026e+02 2.668799684309e+02 2.661343020803e+02 2.651523013326e+02 2.646746675369e+02 2.644442675289e+02 2.243284052283e-01 2.243275319324e-01 2.243266658320e-01 1.595011996462e-01 1.594995083357e-01 1.594988319353e-01 1.594985335020e-01
1.226880000000e+07 2.695093203809e+02 2.685584659044e+02 2.670629828275e+02 2.663357891093e+02 2.653154989242e+02 2.647640840218e+02 2.644906691998e+02 2.243286079423e-01 2.243276422898e-01 2.243267455359e-01 1.595016075795e-01 1.594997587609e-01 1.594989520476e-01 1.594985923037e-01
1.235520000000e+07 2.684410688283e+02 2.679452024276e+02 2.669141700236e+02 2.663514428239e+02 2.654277582916e+02 2.648512325021e+02 2.645442815218e+02 2.243275507297e-01 2.243272106280e-01 2.243266803625e-01 1.595016376400e-01 1.594999370844e-01 1.594990716681e-01 1.594986610533e-01
1.244160000000e+07 2.681741550937e+02 2.676921944769e+02 2.668099823743e+02 2.663311734546e+02 2.655001588384e+02 2.649282234036e+02 2.645998223370e+02 2.243273590248e-01 2.243270614707e-01 2.243266365994e-01 1.595015938504e-01 1.595000547774e-01 1.594991795100e-01 1.594987332090e-01
1.252800000000e+07 2.676133750657e+02 2.672983864467e+02 2.666382715629e+02 2.662582764617e+02 2.655374198254e+02 2.649912159478e+02 2.646531421895e+02 2.243270178576e-01 2.243268555801e-01 2.243265676059e-01 1.595014423978e-01 1.595001160662e-01 1.594992692969e-01 1.594988033842e-01
1.261440000000e+07 2.672644676729e+02 2.670075940472e+02 2.664801466667e+02 2.661707896380e+02 2.655491866729e+02 2.650396196149e+02 2.647015479324e+02 2.243268391673e-01 2.243267208997e-01 2.243265072914e-01 1.595012656938e-01 1.595001353634e-01 1.594993392613e-01 1.594988677460e-01
1.270080000000e+07 2.670393616345e+02 2.668074078127e+02 2.663537637527e+02 2.660893105960e+02 2.655457953655e+02 2.650751429669e+02 2.647438202706e+02 2.243267349735e-01 2.243266355366e-01 2.243264611530e-01 1.595011054771e-01 1.595001294960e-01 1.594993911553e-01 1.594989245744e-01
1.278720000000e+07 2.668860268186e+02 2.666668621865e+02 2.662558826106e+02 2.660198834883e+02 2.655348223391e+02 2.651004562618e+02 2.647798097944e+02 2.243266683940e-01 2.243265788336e-01 2.243264266115e-01 1.595009720561e-01 1.595001110990e-01 1.594994284206e-01 1.594989734204e-01
1.287360000000e+07 2.732323042681e+02 2.707676150227e+02 2.678090254190e+02 2.667006799081e+02 2.656430071827e+02 2.651359544321e+02 2.648141489799e+02 2.559775295872e-01 2.243311130787e-01 2.243271285462e-01 1.595024200623e-01 1.595002939563e-01 1.594994810863e-01 1.594990204298e-01
1.296000000000e+07 2.732365254189e+02 2.717932445286e+02 2.688333538581e+02 2.674901489360e+02 2.659263805827e+02 2.652202271227e+02 2.648583000243e+02 2.803097686218e-01 2.243367327994e-01 2.243278766807e-01 1.595045528672e-01 1.595007999026e-01 1.594996080516e-01 1.594990814581e-01
1.304640000000e+07 2.732333000591e+02 2.719038618445e+02 2.692546409750e+02 2.679687341934e+02 2.662358985793e+02 2.653533146628e+02 2.649233580497e+02 2.600618868530e-01 2.243379089545e-01 2.243283018744e-01 1.595061646533e-01 1.595014010872e-01 1.594998142950e-01 1.594991726097e-01
1.313280000000e+07 2.732204055779e+02 2.719813478173e+02 2.695044228296e+02 2.682787058412e+02 2.665068764829e+02 2.655106446111e+02 2.650098930132e+02 2.350834138371e-01 2.243388690103e-01 2.243286016429e-01 1.595073794632e-01 1.595019742199e-01 1.595000676147e-01 1.594992961680e-01
1.321920000000e+07 2.732357397616e+02 2.721545203090e+02 2.697309153664e+02 2.685302450994e+02 2.667435856366e+02 2.656733489578e+02 2.651099627816e+02 2.740594401673e-01 2.243415702657e-01 2.243289123426e-01 1.595084901760e-01 1.595025153884e-01 1.595003410913e-01 1.594994424532e-01
1.330560000000e+07 2.732292252732e+02 2.721900555152e+02 2.698937919475e+02 2.687360744100e+02 2.669552661248e+02 2.658344979112e+02 2.652180538862e+02 2.469346855625e-01 2.243422483385e-01 2.243291632014e-01 1.595094942150e-01 1.595030351820e-01 1.595006242547e-01 1.594996047176e-01
1.339200000000e+07 2.730561433214e+02 2.721252200236e+02 2.699881530954e+02 2.688877918332e+02 2.671389260633e+02 2.659894705385e+02 2.653307912271e+02 2.245314756339e-01 2.243410473953e-01 2.243293206662e-01 1.595102947779e-01 1.595035163509e-01 1.595009088979e-01 1.594997788594e-01
1.347840000000e+07 2.718487393508e+02 2.713240063244e+02 2.697681531189e+02 2.688783825134e+02 2.672783733867e+02 2.661329371266e+02 2.654440478295e+02 2.243372698859e-01 2.243333591490e-01 2.243289675116e-01 1.595102197209e-01 1.595039013018e-01 1.595011839038e-01 1.594999590657e-01
1.356480000000e+07 2.727760282182e+02 2.718604432362e+02 2.699166170745e+02 2.689426490428e+02 2.673786781058e+02 2.662594006596e+02 2.655539433637e+02 2.243727537653e-01 2.243374226378e-01 2.243292004270e-01 1.595105811323e-01 1.595041895149e-01 1.595014360579e-01 1.595001391930e-01
1.365120000000e+07 2.725703007258e+02 2.718385198756e+02 2.700048844693e+02 2.690485991342e+02 2.674862361622e+02 2.663727776090e+02 2.656578606721e+02 2.243548230805e-01 2.243371896153e-01 2.243293495980e-01 1.595111949901e-01 1.595045113545e-01 1.595016703244e-01 1.595003145072e-01
1.373760000000e+07 2.727789110305e+02 2.719164000611e+02 2.700600682721e+02 2.691183580363e+02 2.675865425303e+02 2.664792895826e+02 2.657562385824e+02 2.243731503489e-01 2.243380559233e-01 2.243294472987e-01 1.595116145478e-01 1.595048227687e-01 1.595018978467e-01 1.595004851336e-01
1.382400000000e+07 2.724286610992e+02 2.717899173035e+02 2.700987725305e+02 2.691957998905e+02 2.676830793005e+02 2.665799647420e+02 2.658504283344e+02 2.243485310855e-01 2.243367004579e-01 2.243295179853e-01 1.595120981045e-01 1.595051337245e-01 1.595021198564e-01 1.595006529160e-01
1.391040000000e+07 2.712690015150e+02 2.708887709315e+02 2.697522351854e+02 2.690749480970e+02 2.677428343523e+02 2.666718854429e+02 2.659400385391e+02 2.243330587485e-01 2.243315058055e-01 2.243289437769e-01 1.595113217813e-01 1.595053303199e-01 1.595023287413e-01 1.595008167142e-01
1.399680000000e+07 2.705573684255e+02 2.702606784556e+02 2.693984797691e+02 2.688706265415e+02 2.677407155305e+02 2.667427519271e+02 2.660218528061e+02 2.243305089899e-01 2.243298347460e-01 2.243284695004e-01 1.595101402712e-01 1.595053204117e-01 1.595024939775e-01 1.595009699506e-01
1.408320000000e+07 2.703641603434e+02 2.700260991044e+02 2.691962037693e+02 2.687154353094e+02 2.677088407052e+02 2.667873490066e+02 2.660899064212e+02 2.243300463410e-01 2.243293867390e-01 2.243282373429e-01 1.595093242479e-01 1.595052121305e-01 1.595025998974e-01 1.595011001885e-01
1.416960000000e+07 2.719655629087e+02 2.710014551266e+02 2.694617267297e+02 2.687696616325e+02 2.676989710497e+02 2.668228102581e+02 2.661499020863e+02 2.243386324682e-01 2.243319118749e-01 2.243285474519e-01 1.595096114018e-01 1.595051788919e-01 1.595026852121e-01 1.595012171591e-01
1.425600000000e+07 2.727576019197e+02 2.718610000940e+02 2.699690216959e+02 2.690585831784e+02 2.677578474221e+02 2.668601089454e+02 2.662035118679e+02 2.243703598684e-01 2.243374286625e-01 2.243292879667e-01 1.595112411733e-01 1.595053769014e-01 1.595027760117e-01 1.595013234325e-01
1.434240000000e+07 2.727877805849e+02 2.719579069516e+02 2.701594929352e+02 2.692578836363e+02 2.678706788835e+02 2.669162806467e+02 2.662559699256e+02 2.243744111165e-01 2.243385650773e-01 2.243296326618e-01 1.595124980637e-01 1.595057678950e-01 1.595029148581e-01 1.595014290633e-01
1.442880000000e+07 2.727986626054e+02 2.720012990786e+02 2.702656334927e+02 2.693846956253e+02 2.679806304166e+02 2.669886131194e+02 2.663136636385e+02 2.243760471459e-01 2.243391377181e-01 2.243298450154e-01 1.595133657695e-01 1.595061648150e-01 1.595030974749e-01 1.595015471563e-01
1.451520000000e+07 2.728062140493e+02 2.720309755278e+02 2.703407527431e+02 2.694781003956e+02 2.680780217389e+02 2.670666828480e+02 2.663768540147e+02 2.243772448833e-01 2.243395555866e-01 2.243300052531e-01 1.595140432919e-01 1.595065306589e-01 1.595032995738e-01 1.595016788676e-01
1.460160000000e+07 2.728116546194e+02 2.720539865072e+02 2.704004014118e+02 2.695537495694e+02 2.681646651326e+02 2.671446588893e+02 2.664430597303e+02 2.243781417934e-01 2.243398955745e-01 2.243301388869e-01 1.595146180832e-01 1.595068682128e-01 1.595035068090e-01 1.595018195941e-01
1.468800000000e+07 2.728165333025e+02 2.720734321144e+02 2.704508437186e+02 2.696184192095e+02 2.682429285815e+02 2.672203215443e+02 2.665101859550e+02 2.243789715940e-01 2.243401945035e-01 2.243302566224e-01 1.595151292651e-01 1.595071834946e-01 1.595037132390e-01 1.595019652155e-01
1.477440000000e+07 2.728206325901e+02 2.720904026950e+02 2.704952318809e+02 2.696757183099e+02 2.683146562169e+02 2.672929738156e+02 2.665769317783e+02 2.243796883166e-01 2.243404645790e-01 2.243303640225e-01 1.595155983770e-01 1.595074815607e-01 1.595039166031e-01 1.595021130358e-01
